  	a    b    c    d    e    f    g    h    i    j    k    l    m    n    o    p    q    r    s    t    u    v    w    x    y    z    
a	0    202  132  308  0    54   106  24   478  10   90   788  174  1208 2    58   0    612  740  878  46   110  62   0    172  0    |6254
b	56   86   0    0    294  0    0    0    124  4    0    114  2    0    156  0    0    56   2    4    116  0    0    0    70   0    |1084
c	280  0    10   0    616  0    0    316  12   0    114  28   0    0    250  0    0    120  0    64   84   0    0    0    2    0    |1896
d	36   0    0    64   372  4    32   0    148  2    0    52   0    18   352  2    0    66   74   0    56   16   2    0    26   0    |1322
e	558  24   86   702  342  52   76   22   60   0    6    320  176  742  24   86   0    1314 460  282  0    118  32   62   144  12   |5700
f	92   0    0    0    106  92   0    0    124  0    0    32   0    0    246  0    0    86   0    60   62   0    0    0    2    0    |902
g	168  0    0    2    242  0    18   218  50   0    0    66   0    10   164  0    0    122  38   2    32   0    0    0    0    2    |1134
h	732  4    0    0    2976 0    0    0    530  0    0    0    6    0    372  0    0    74   0    148  62   0    0    0    32   0    |4936
i	32   18   528  454  140  80   162  0    12   0    74   240  134  1550 180  16   0    174  418  994  0    44   0    4    0    34   |5288
j	8    0    0    0    24   0    0    0    0    0    0    0    0    0    4    0    0    0    0    0    82   0    0    0    0    0    |118
k	10   0    0    0    312  0    0    0    170  0    0    2    0    76   0    0    0    0    8    0    2    0    0    0    8    0    |588
l	276  2    0    192  576  108  2    0    700  0    48   566  4    0    262  6    0    2    26   32   68   14   4    0    296  0    |3184
m	216  44   0    0    466  6    0    0    128  0    0    0    14   18   214  58   0    0    28   0    74   0    0    0    46   0    |1312
n	76   12   112  1050 406  16   832  0    114  0    76   70   0    38   356  2    8    2    106  326  34   14   2    10   66   0    |3728
o	14   6    34   76   20   506  38   36   102  10   178  134  250  784  414  100  20   506  98   314  1022 74   428  14   2    2    |5182
p	122  4    0    0    210  0    2    2    110  0    0    124  0    0    128  70   0    80   18   24   32   0    0    0    8    0    |934
q	0    0    0    0    0    0    0    0    0    0    0    0    0    0    0    0    0    0    0    0    170  0    0    0    0    0    |170
r	298  2    40   152  798  2    84   6    284  0    48   38   56   64   370  70   0    70   238  134  44   4    4    0    216  0    |3022
s	428  2    28   0    574  0    0    712  186  0    28   44   26   26   266  48   2    0    176  520  110  0    26   0    6    0    |3208
t	204  0    36   0    524  4    0    2558 384  0    0    196  16   16   724  2    0    176  140  262  90   0    42   0    46   0    |5420
u	16   22   140  50   128  2    98   0    54   0    0    180  36   184  0    144  0    314  370  406  0    0    0    0    0    6    |2150
v	8    0    0    0    470  0    0    0    58   0    0    0    0    0    56   0    0    0    0    0    2    0    0    0    0    0    |594
w	506  0    0    14   238  6    0    386  274  0    0    16   0    122  166  0    0    10   8    0    0    0    8    0    0    0    |1754
x	8    0    6    0    12   0    0    0    12   0    0    0    0    0    0    6    0    0    0    32   0    0    0    0    0    0    |76
y	4    4    0    0    56   0    0    0    36   0    0    4    4    0    292  0    0    2    14   20   0    0    2    0    0    0    |438
z	2    0    0    0    38   0    0    0    12   0    0    6    0    0    0    0    0    0    0    0    0    0    0    0    0    6    |64
	__________________________________________________________________________________________________________________________________
total:	4150 432  1152 3064 9940 932  1450 4280 4162 26   662  3020 898  4856 4998 668  30   3786 2962 4502 2188 394  612  90   1142 62   
