  	a    b    c    d    e    f    g    h    i    j    k    l    m    n    o    p    q    r    s    t    u    v    w    x    y    z    
a	514  36246 81373 49546 2684 11079 30905 1834 56601 738  32861 171855 46927 265456 505  36757 668  173206 129530 184470 26708 29293 14017 4017 24581 2555 |1414926
b	29185 3814 180  896  67885 76   48   240  23901 3348 63   46641 424  272  39428 1298 7    27550 26987 3197 23164 272  79   3    30144 5    |329107
c	85188 32   11108 90   107169 18463 51   104531 48403 1    29085 26112 48   191  123828 23   706  26955 2480 62733 31817 25   76   73   7803 69   |687060
d	22963 269  160  7963 216599 608  6401 1000 83909 1556 78   7674 1841 2189 24174 306  19   21656 18586 383  18682 8361 1493 0    8602 34   |455506
e	96158 6208 66760 157850 78942 124746 17140 3639 27189 950  2275 83005 47596 208667 10561 26013 5847 309521 176790 126247 7917 21927 10146 29132 15665 894  |1661785
f	24817 30   22   27   32175 20593 35   30   39527 22   16   20841 27   102864 62462 12   1    50101 590  11701 16853 33   37   2    2728 14   |385560
g	28768 229  34   414  62935 580  4136 27547 26502 56   18   15881 2200 10302 19167 93   2    43486 7435 1918 16983 9    328  1    4413 51   |273488
h	106814 464  96   385  312110 556  1635 206  88963 27   33   2870 2036 2804 66119 116  43   14550 1543 18895 11996 102  1031 3    14439 8    |647844
i	43629 13630 120881 45554 51414 25384 41603 459  3092 253  9102 69131 48235 407723 99789 18650 3715 48102 140692 150840 6257 42599 527  4939 42   10209 |1406451
j	3893 2    7    22   8398 7    3    10   410  9    36   5    8    27   6903 9    0    44   18   12   7648 4    1    0    5    4    |27485
k	2919 264  53   55   39388 173  66   345  20968 85   288  3224 490  6697 1333 70   2    2250 6062 214  639  73   688  0    1353 39   |87738
l	104781 1196 3104 21402 153091 6369 2105 256  107914 80   4176 100824 3837 1181 73528 3403 42   851  25121 19902 27652 5573 836  138  61493 99   |728954
m	88736 18174 133  144  111985 646  42   287  54407 42   26   754  13674 2593 51742 38695 4    525  7744 192  15131 125  95   1    6760 13   |412670
n	56320 1068 63194 152330 125600 9444 187837 2407 62026 2055 8304 8868 1889 15437 54739 807  1357 1308 61865 135260 16783 6188 1176 477  16718 635  |994092
o	12632 34023 25358 33273 9777 191517 16583 4096 20408 1038 7989 62998 82340 244798 35230 37397 2224 273284 46892 70037 103043 24114 46988 4648 5339 1106 |1397132
p	56414 396  66   55   95222 232  324  25737 31754 29   105  47894 838  536  59970 21020 16   78582 6942 13730 18196 4    342  3    3144 20   |461571
q	72   0    0    1    18   1    0    10   34   0    0    2    1    0    30   0    4    26   0    1    28588 13   3    0    11   0    |28815
r	124311 8580 19555 34129 224754 6987 14180 4256 130541 426  11120 12041 32336 24830 130829 9383 334  22660 45759 64652 30099 10008 2155 11   36939 251  |1001126
s	35288 1013 31673 910  167167 1450 825  63336 79342 187  7572 11329 15835 3617 68135 47742 2780 543  68718 153041 49643 355  8813 0    10737 49   |830100
t	96415 324  13321 120  194967 1475 338  359264 181455 65   68   15004 2319 1806 212005 262  10   73294 35090 31117 40307 103  10060 1    86828 513  |1356531
u	23537 17256 27081 14204 18774 4330 13590 189  20347 66   941  47556 32736 67691 3168 22718 60   76246 100270 51084 325  943  117  1300 478  561  |545568
v	22173 5972 2    25   101879 0    2    8    41505 2    0    59   3    20   11345 1    0    286  19   19   1741 26   16   1    1289 2    |186395
w	34123 281  76   1261 33216 484  71   54364 52991 5    685  2825 494  10194 25998 608  2    7827 3813 973  180  5    67   15   796  21   |231375
x	2988 19   4657 10   4181 132  15   1085 6425 0    2    413  19   10   747  6073 55   11   192  6972 897  781  33   1247 1041 0    |38005
y	3459 442  2493 5194 10410 233  1241 229  4969 10   116  7495 58136 6710 7231 4238 2    3503 11929 4584 152  39   359  358  8    206  |133746
z	2787 5    6    49   9960 1    12   31   2482 4    7    638  14   32   13530 6    3    32   15   19   250  16   71   0    542  932  |31444
	________________________________________________________________________________________________________________________________________________________________________________________
total:	1108884 149937 471393 525909 2240700 425566 339188 655396 1216065 11054 114966 765939 394303 1386647 1202496 275700 17903 1256399 925082 1112193 501651 150991 99554 46370 341898 18290 
